,Month,Payment,Interest,Principal,UPB
0,08-2020,2045.16,797.58,550.25,319549.75
1,08-2020,2045.16,796.21,551.62,318998.14
2,09-2020,2045.16,794.84,552.99,318445.14
3,10-2020,2045.16,793.46,554.37,317890.78
4,11-2020,2045.16,792.08,555.75,317335.02
5,12-2020,2045.16,790.69,557.14,316777.89
6,01-2021,2045.16,789.3,558.52,316219.36
7,02-2021,2045.16,787.91,559.92,315659.45
8,03-2021,2045.16,786.52,561.31,315098.14
9,04-2021,2045.16,785.12,562.71,314535.43
10,05-2021,2045.16,783.72,564.11,313971.32
11,06-2021,2045.16,782.31,565.52,313405.8
12,07-2021,2045.16,780.9,566.93,312838.88
13,08-2021,2045.16,779.49,568.34,312270.54
14,09-2021,2045.16,778.07,569.75,311700.78
15,10-2021,2045.16,776.65,571.17,311129.61
16,11-2021,2045.16,775.23,572.6,310557.01
17,12-2021,2045.16,773.8,574.02,309982.99
18,01-2022,2045.16,772.37,575.45,309407.53
19,02-2022,2045.16,770.94,576.89,308830.64
20,03-2022,2045.16,769.5,578.33,308252.32
21,04-2022,2045.16,768.06,579.77,307672.55
22,05-2022,2045.16,766.62,581.21,307091.34
23,06-2022,2045.16,765.17,582.66,306508.68
24,07-2022,2045.16,763.72,584.11,305924.57
25,08-2022,2045.16,762.26,585.57,305339.0
26,09-2022,2045.16,760.8,587.03,304751.98
27,10-2022,2045.16,759.34,588.49,304163.49
28,11-2022,2045.16,757.87,589.95,303573.53
29,12-2022,2045.16,756.4,591.42,302982.11
30,01-2023,2045.16,754.93,592.9,302389.21
31,02-2023,2045.16,753.45,594.38,301794.83
32,03-2023,2045.16,751.97,595.86,301198.98
33,04-2023,2045.16,750.49,597.34,300601.64
34,05-2023,2045.16,749.0,598.83,300002.81
35,06-2023,2045.16,747.51,600.32,299402.49
36,07-2023,2045.16,746.01,601.82,298800.67
37,08-2023,2045.16,744.51,603.32,298197.35
38,09-2023,2045.16,743.01,604.82,297592.53
39,10-2023,2045.16,741.5,606.33,296986.2
40,11-2023,2045.16,739.99,607.84,296378.36
41,12-2023,2045.16,738.48,609.35,295769.01
42,01-2024,2045.16,736.96,610.87,295158.14
43,02-2024,2045.16,735.44,612.39,294545.75
44,03-2024,2045.16,733.91,613.92,293931.83
45,04-2024,2045.16,732.38,615.45,293316.38
46,05-2024,2045.16,730.85,616.98,292699.4
47,06-2024,2045.16,729.31,618.52,292080.88
48,07-2024,2045.16,727.77,620.06,291460.82
49,08-2024,2045.16,726.22,621.61,290839.21
50,09-2024,2045.16,724.67,623.15,290216.06
51,10-2024,2045.16,723.12,624.71,289591.35
52,11-2024,2045.16,721.57,626.26,288965.09
53,12-2024,2045.16,720.0,627.82,288337.26
54,01-2025,2045.16,718.44,629.39,287707.88
55,02-2025,2045.16,716.87,630.96,287076.92
56,03-2025,2045.16,715.3,632.53,286444.39
57,04-2025,2045.16,713.72,634.1,285810.29
58,05-2025,2045.16,712.14,635.68,285174.6
59,06-2025,2045.16,710.56,637.27,284537.33
60,07-2025,2045.16,708.97,638.86,283898.48
61,08-2025,2045.16,707.38,640.45,283258.03
62,09-2025,2045.16,705.78,642.04,282615.98
63,10-2025,2045.16,704.18,643.64,281972.34
64,11-2025,2045.16,702.58,645.25,281327.09
65,12-2025,2045.16,700.97,646.86,280680.24
66,01-2026,2045.16,699.36,648.47,280031.77
67,02-2026,2045.16,697.75,650.08,279381.69
68,03-2026,2045.16,696.13,651.7,278729.98
69,04-2026,2045.16,694.5,653.33,278076.66
70,05-2026,2045.16,692.87,654.95,277421.7
71,06-2026,2045.16,691.24,656.59,276765.12
72,07-2026,2045.16,689.61,658.22,276106.89
73,08-2026,2045.16,687.97,659.86,275447.03
74,09-2026,2045.16,686.32,661.51,274785.52
75,10-2026,2045.16,684.67,663.15,274122.37
76,11-2026,2045.16,683.02,664.81,273457.56
77,12-2026,2045.16,681.37,666.46,272791.1
78,01-2027,2045.16,679.7,668.12,272122.97
79,02-2027,2045.16,678.04,669.79,271453.19
80,03-2027,2045.16,676.37,671.46,270781.73
81,04-2027,2045.16,674.7,673.13,270108.6
82,05-2027,2045.16,673.02,674.81,269433.79
83,06-2027,2045.16,671.34,676.49,268757.3
84,07-2027,2045.16,669.65,678.18,268079.12
85,08-2027,2045.16,667.96,679.86,267399.26
86,09-2027,2045.16,666.27,681.56,266717.7
87,10-2027,2045.16,664.57,683.26,266034.44
88,11-2027,2045.16,662.87,684.96,265349.48
89,12-2027,2045.16,661.16,686.67,264662.82
90,01-2028,2045.16,659.45,688.38,263974.44
91,02-2028,2045.16,657.74,690.09,263284.35
92,03-2028,2045.16,656.02,691.81,262592.54
93,04-2028,2045.16,654.29,693.54,261899.0
94,05-2028,2045.16,652.57,695.26,261203.74
95,06-2028,2045.16,650.83,697.0,260506.74
96,07-2028,2045.16,649.1,698.73,259808.01
97,08-2028,2045.16,647.35,700.47,259107.53
98,09-2028,2045.16,645.61,702.22,258405.31
99,10-2028,2045.16,643.86,703.97,257701.35
100,11-2028,2045.16,642.11,705.72,256995.62
101,12-2028,2045.16,640.35,707.48,256288.14
102,01-2029,2045.16,638.58,709.24,255578.9
103,02-2029,2045.16,636.82,711.01,254867.89
104,03-2029,2045.16,635.05,712.78,254155.1
105,04-2029,2045.16,633.27,714.56,253440.54
106,05-2029,2045.16,631.49,716.34,252724.2
107,06-2029,2045.16,629.7,718.12,252006.08
108,07-2029,2045.16,627.92,719.91,251286.17
109,08-2029,2045.16,626.12,721.71,250564.46
110,09-2029,2045.16,624.32,723.51,249840.95
111,10-2029,2045.16,622.52,725.31,249115.64
112,11-2029,2045.16,620.71,727.12,248388.53
113,12-2029,2045.16,618.9,728.93,247659.6
114,01-2030,2045.16,617.09,730.74,246928.86
115,02-2030,2045.16,615.26,732.56,246196.29
116,03-2030,2045.16,613.44,734.39,245461.9
117,04-2030,2045.16,611.61,736.22,244725.68
118,05-2030,2045.16,609.77,738.05,243987.63
119,06-2030,2045.16,607.94,739.89,243247.74
120,07-2030,2045.16,606.09,741.74,242506.0
121,08-2030,2045.16,604.24,743.58,241762.42
122,09-2030,2045.16,602.39,745.44,241016.98
123,10-2030,2045.16,600.53,747.29,240269.68
124,11-2030,2045.16,598.67,749.16,239520.53
125,12-2030,2045.16,596.81,751.02,238769.5
126,01-2031,2045.16,594.93,752.89,238016.61
127,02-2031,2045.16,593.06,754.77,237261.84
128,03-2031,2045.16,591.18,756.65,236505.19
129,04-2031,2045.16,589.29,758.54,235746.65
130,05-2031,2045.16,587.4,760.43,234986.22
131,06-2031,2045.16,585.51,762.32,234223.9
132,07-2031,2045.16,583.61,764.22,233459.68
133,08-2031,2045.16,581.7,766.13,232693.56
134,09-2031,2045.16,579.79,768.03,231925.52
135,10-2031,2045.16,577.88,769.95,231155.58
136,11-2031,2045.16,575.96,771.87,230383.71
137,12-2031,2045.16,574.04,773.79,229609.92
138,01-2032,2045.16,572.11,775.72,228834.2
139,02-2032,2045.16,570.18,777.65,228056.55
140,03-2032,2045.16,568.24,779.59,227276.96
141,04-2032,2045.16,566.3,781.53,226495.43
142,05-2032,2045.16,564.35,783.48,225711.96
143,06-2032,2045.16,562.4,785.43,224926.53
144,07-2032,2045.16,560.44,787.39,224139.14
145,08-2032,2045.16,558.48,789.35,223349.79
146,09-2032,2045.16,556.51,791.32,222558.48
147,10-2032,2045.16,554.54,793.29,221765.19
148,11-2032,2045.16,552.56,795.26,220969.92
149,12-2032,2045.16,550.58,797.25,220172.68
150,01-2033,2045.16,548.6,799.23,219373.45
151,02-2033,2045.16,546.61,801.22,218572.22
152,03-2033,2045.16,544.61,803.22,217769.0
153,04-2033,2045.16,542.61,805.22,216963.78
154,05-2033,2045.16,540.6,807.23,216156.56
155,06-2033,2045.16,538.59,809.24,215347.32
156,07-2033,2045.16,536.57,811.26,214536.06
157,08-2033,2045.16,534.55,813.28,213722.79
158,09-2033,2045.16,532.53,815.3,212907.48
159,10-2033,2045.16,530.49,817.33,212090.15
160,11-2033,2045.16,528.46,819.37,211270.78
161,12-2033,2045.16,526.42,821.41,210449.37
162,01-2034,2045.16,524.37,823.46,209625.91
163,02-2034,2045.16,522.32,825.51,208800.4
164,03-2034,2045.16,520.26,827.57,207972.83
165,04-2034,2045.16,518.2,829.63,207143.2
166,05-2034,2045.16,516.13,831.7,206311.5
167,06-2034,2045.16,514.06,833.77,205477.73
168,07-2034,2045.16,511.98,835.85,204641.89
169,08-2034,2045.16,509.9,837.93,203803.96
170,09-2034,2045.16,507.81,840.02,202963.94
171,10-2034,2045.16,505.72,842.11,202121.83
172,11-2034,2045.16,503.62,844.21,201277.62
173,12-2034,2045.16,501.52,846.31,200431.31
174,01-2035,2045.16,499.41,848.42,199582.89
175,02-2035,2045.16,497.29,850.53,198732.35
176,03-2035,2045.16,495.17,852.65,197879.7
177,04-2035,2045.16,493.05,854.78,197024.92
178,05-2035,2045.16,490.92,856.91,196168.01
179,06-2035,2045.16,488.79,859.04,195308.97
180,07-2035,2045.16,486.64,861.18,194447.78
181,08-2035,2045.16,484.5,863.33,193584.46
182,09-2035,2045.16,482.35,865.48,192718.97
183,10-2035,2045.16,480.19,867.64,191851.34
184,11-2035,2045.16,478.03,869.8,190981.54
185,12-2035,2045.16,475.86,871.97,190109.57
186,01-2036,2045.16,473.69,874.14,189235.43
187,02-2036,2045.16,471.51,876.32,188359.12
188,03-2036,2045.16,469.33,878.5,187480.61
189,04-2036,2045.16,467.14,880.69,186599.93
190,05-2036,2045.16,464.94,882.88,185717.04
191,06-2036,2045.16,462.74,885.08,184831.96
192,07-2036,2045.16,460.54,887.29,183944.67
193,08-2036,2045.16,458.33,889.5,183055.17
194,09-2036,2045.16,456.11,891.72,182163.45
195,10-2036,2045.16,453.89,893.94,181269.51
196,11-2036,2045.16,451.66,896.17,180373.35
197,12-2036,2045.16,449.43,898.4,179474.95
198,01-2037,2045.16,447.19,900.64,178574.31
199,02-2037,2045.16,444.95,902.88,177671.43
200,03-2037,2045.16,442.7,905.13,176766.3
201,04-2037,2045.16,440.44,907.39,175858.91
202,05-2037,2045.16,438.18,909.65,174949.27
203,06-2037,2045.16,435.92,911.91,174037.35
204,07-2037,2045.16,433.64,914.19,173123.17
205,08-2037,2045.16,431.37,916.46,172206.71
206,09-2037,2045.16,429.08,918.75,171287.96
207,10-2037,2045.16,426.79,921.04,170366.92
208,11-2037,2045.16,424.5,923.33,169443.59
209,12-2037,2045.16,422.2,925.63,168517.96
210,01-2038,2045.16,419.89,927.94,167590.02
211,02-2038,2045.16,417.58,930.25,166659.77
212,03-2038,2045.16,415.26,932.57,165727.2
213,04-2038,2045.16,412.94,934.89,164792.31
214,05-2038,2045.16,410.61,937.22,163855.09
215,06-2038,2045.16,408.27,939.56,162915.53
216,07-2038,2045.16,405.93,941.9,161973.64
217,08-2038,2045.16,403.58,944.24,161029.39
218,09-2038,2045.16,401.23,946.6,160082.79
219,10-2038,2045.16,398.87,948.96,159133.84
220,11-2038,2045.16,396.51,951.32,158182.52
221,12-2038,2045.16,394.14,953.69,157228.83
222,01-2039,2045.16,391.76,956.07,156272.76
223,02-2039,2045.16,389.38,958.45,155314.31
224,03-2039,2045.16,386.99,960.84,154353.47
225,04-2039,2045.16,384.6,963.23,153390.24
226,05-2039,2045.16,382.2,965.63,152424.61
227,06-2039,2045.16,379.79,968.04,151456.57
228,07-2039,2045.16,377.38,970.45,150486.12
229,08-2039,2045.16,374.96,972.87,149513.26
230,09-2039,2045.16,372.54,975.29,148537.97
231,10-2039,2045.16,370.11,977.72,147560.24
232,11-2039,2045.16,367.67,980.16,146580.09
233,12-2039,2045.16,365.23,982.6,145597.49
234,01-2040,2045.16,362.78,985.05,144612.44
235,02-2040,2045.16,360.33,987.5,143624.93
236,03-2040,2045.16,357.87,989.96,142634.97
237,04-2040,2045.16,355.4,992.43,141642.54
238,05-2040,2045.16,352.93,994.9,140647.64
239,06-2040,2045.16,350.45,997.38,139650.26
240,07-2040,2045.16,347.96,999.87,138650.39
241,08-2040,2045.16,345.47,1002.36,137648.03
242,09-2040,2045.16,342.97,1004.86,136643.18
243,10-2040,2045.16,340.47,1007.36,135635.82
244,11-2040,2045.16,337.96,1009.87,134625.95
245,12-2040,2045.16,335.44,1012.39,133613.56
246,01-2041,2045.16,332.92,1014.91,132598.65
247,02-2041,2045.16,330.39,1017.44,131581.22
248,03-2041,2045.16,327.86,1019.97,130561.24
249,04-2041,2045.16,325.32,1022.51,129538.73
250,05-2041,2045.16,322.77,1025.06,128513.67
251,06-2041,2045.16,320.21,1027.62,127486.05
252,07-2041,2045.16,317.65,1030.18,126455.88
253,08-2041,2045.16,315.09,1032.74,125423.13
254,09-2041,2045.16,312.51,1035.32,124387.82
255,10-2041,2045.16,309.93,1037.9,123349.92
256,11-2041,2045.16,307.35,1040.48,122309.44
257,12-2041,2045.16,304.75,1043.07,121266.37
258,01-2042,2045.16,302.16,1045.67,120220.69
259,02-2042,2045.16,299.55,1048.28,119172.41
260,03-2042,2045.16,296.94,1050.89,118121.52
261,04-2042,2045.16,294.32,1053.51,117068.01
262,05-2042,2045.16,291.69,1056.13,116011.88
263,06-2042,2045.16,289.06,1058.77,114953.11
264,07-2042,2045.16,286.42,1061.4,113891.71
265,08-2042,2045.16,283.78,1064.05,112827.66
266,09-2042,2045.16,281.13,1066.7,111760.96
267,10-2042,2045.16,278.47,1069.36,110691.6
268,11-2042,2045.16,275.81,1072.02,109619.58
269,12-2042,2045.16,273.14,1074.69,108544.89
270,01-2043,2045.16,270.46,1077.37,107467.52
271,02-2043,2045.16,267.77,1080.06,106387.46
272,03-2043,2045.16,265.08,1082.75,105304.71
273,04-2043,2045.16,262.38,1085.44,104219.27
274,05-2043,2045.16,259.68,1088.15,103131.12
275,06-2043,2045.16,256.97,1090.86,102040.26
276,07-2043,2045.16,254.25,1093.58,100946.68
277,08-2043,2045.16,251.53,1096.3,99850.38
278,09-2043,2045.16,248.79,1099.03,98751.34
279,10-2043,2045.16,246.06,1101.77,97649.57
280,11-2043,2045.16,243.31,1104.52,96545.05
281,12-2043,2045.16,240.56,1107.27,95437.78
282,01-2044,2045.16,237.8,1110.03,94327.75
283,02-2044,2045.16,235.03,1112.8,93214.96
284,03-2044,2045.16,232.26,1115.57,92099.39
285,04-2044,2045.16,229.48,1118.35,90981.04
286,05-2044,2045.16,226.69,1121.13,89859.91
287,06-2044,2045.16,223.9,1123.93,88735.98
288,07-2044,2045.16,221.1,1126.73,87609.25
289,08-2044,2045.16,218.29,1129.54,86479.71
290,09-2044,2045.16,215.48,1132.35,85347.36
291,10-2044,2045.16,212.66,1135.17,84212.19
292,11-2044,2045.16,209.83,1138.0,83074.19
293,12-2044,2045.16,206.99,1140.84,81933.36
294,01-2045,2045.16,204.15,1143.68,80789.68
295,02-2045,2045.16,201.3,1146.53,79643.15
296,03-2045,2045.16,198.44,1149.38,78493.77
297,04-2045,2045.16,195.58,1152.25,77341.52
298,05-2045,2045.16,192.71,1155.12,76186.4
299,06-2045,2045.16,189.83,1158.0,75028.4
300,07-2045,2045.16,186.95,1160.88,73867.52
301,08-2045,2045.16,184.05,1163.78,72703.74
302,09-2045,2045.16,181.15,1166.68,71537.07
303,10-2045,2045.16,178.25,1169.58,70367.49
304,11-2045,2045.16,175.33,1172.5,69194.99
305,12-2045,2045.16,172.41,1175.42,68019.57
306,01-2046,2045.16,169.48,1178.35,66841.22
307,02-2046,2045.16,166.55,1181.28,65659.94
308,03-2046,2045.16,163.6,1184.23,64475.72
309,04-2046,2045.16,160.65,1187.18,63288.54
310,05-2046,2045.16,157.69,1190.13,62098.4
311,06-2046,2045.16,154.73,1193.1,60905.3
312,07-2046,2045.16,151.76,1196.07,59709.23
313,08-2046,2045.16,148.78,1199.05,58510.18
314,09-2046,2045.16,145.79,1202.04,57308.14
315,10-2046,2045.16,142.79,1205.04,56103.1
316,11-2046,2045.16,139.79,1208.04,54895.06
317,12-2046,2045.16,136.78,1211.05,53684.01
318,01-2047,2045.16,133.76,1214.07,52469.95
319,02-2047,2045.16,130.74,1217.09,51252.86
320,03-2047,2045.16,127.71,1220.12,50032.73
321,04-2047,2045.16,124.66,1223.16,48809.57
322,05-2047,2045.16,121.62,1226.21,47583.36
323,06-2047,2045.16,118.56,1229.27,46354.09
324,07-2047,2045.16,115.5,1232.33,45121.76
325,08-2047,2045.16,112.43,1235.4,43886.36
326,09-2047,2045.16,109.35,1238.48,42647.88
327,10-2047,2045.16,106.26,1241.56,41406.32
328,11-2047,2045.16,103.17,1244.66,40161.66
329,12-2047,2045.16,100.07,1247.76,38913.9
330,01-2048,2045.16,96.96,1250.87,37663.03
331,02-2048,2045.16,93.84,1253.99,36409.05
332,03-2048,2045.16,90.72,1257.11,35151.94
333,04-2048,2045.16,87.59,1260.24,33891.7
334,05-2048,2045.16,84.45,1263.38,32628.31
335,06-2048,2045.16,81.3,1266.53,31361.78
336,07-2048,2045.16,78.14,1269.69,30092.1
337,08-2048,2045.16,74.98,1272.85,28819.25
338,09-2048,2045.16,71.81,1276.02,27543.23
339,10-2048,2045.16,68.63,1279.2,26264.03
340,11-2048,2045.16,65.44,1282.39,24981.64
341,12-2048,2045.16,62.25,1285.58,23696.06
342,01-2049,2045.16,59.04,1288.79,22407.27
343,02-2049,2045.16,55.83,1292.0,21115.27
344,03-2049,2045.16,52.61,1295.22,19820.06
345,04-2049,2045.16,49.38,1298.44,18521.61
346,05-2049,2045.16,46.15,1301.68,17219.93
347,06-2049,2045.16,42.91,1304.92,15915.01
348,07-2049,2045.16,39.65,1308.17,14606.84
349,08-2049,2045.16,36.4,1311.43,13295.4
350,09-2049,2045.16,33.13,1314.7,11980.7
351,10-2049,2045.16,29.85,1317.98,10662.73
352,11-2049,2045.16,26.57,1321.26,9341.47
353,12-2049,2045.16,23.28,1324.55,8016.91
354,01-2050,2045.16,19.98,1327.85,6689.06
355,02-2050,2045.16,16.67,1331.16,5357.9
356,03-2050,2045.16,13.35,1334.48,4023.42
357,04-2050,2045.16,10.03,1337.8,2685.62
358,05-2050,2045.16,6.69,1341.14,1344.48
359,06-2050,2045.16,3.35,1344.48,-0.0
360,07-2050,2045.16,-0.0,1347.83,-1347.83
